10
2
10
40
120
480
1440
2880
5760
23040
69120
138240
256
65280
16581120
4195023360
1057145886720
265343617566720
66335904391680000
16517640193528320000
4096374767995023360000
1011804567694770769920000
248903923652913609400320000
60981461294963834303078400000
14879476555971175569951129600000
3615712803100995663498124492800000
875002498350440950566546127257600000
210875602102456269086537616669081600000
50610144504589504580769028000579584000000
12095824536596891594803797692138520576000000
2878806239710060199563303850728967897088000000
682277078811284267296503012622765391609856000000
161017390599463087081974710978972632419926016000000
37839086790873825464264057080058568618682613760000000
8854346309064475158637789356733705056771731619840000000
2063062690012022711962604920118953278227813467422720000000
478630544082789269175324341467597160548852724442071040000000
110563655683124321179499922879014944086784979346118410240000000
25429640807118593871284982262173437139960545249607234355200000000
5823387744830157996524260938037717105050964862160056667340800000000
1327732405821276023207531493872599499951619988572492920153702400000000
301395256121429657268109649109080086489017737405955892874890444800000000
68115327883443102542592780698652099546518008653746031789725240524800000000
15325948773774698072083375657196722397966551947092857152688179118080000000000
3433012525325532368146676147212065817144507636148800002202152122449920000000000
765561793147593718096708780828290677223225202861182400491079923306332160000000000
169954718078765805417469349343880530343555995035182492909019742974005739520000000000
37559992695407242997260726204997597205925874902775330932893363197255268433920000000000
8263198392989593459397359765099471385303692478610572805236539903396159055462400000000000
1809640448064720967608021788556784233381508652815715444346802238843758833146265600000000000
394501617678109170938548749905378962877168886313825966867602888067939425625885900800000000000
85606851036149690093665078729467234944345648330100234810269826710742855360817240473600000000000
18491079823808333060231657005564922747978660039301650719018282569520456757936523942297600000000000
3975582162118791607949806256196458390815411908449854904588930752446898202956352647593984000000000000
850774582693421404101258538826042095634498148408268949582031181023636215432659466585112576000000000000
181214986113698759073568068769946966370148105610961286260972641558034513887156466382628978688000000000000
38417577056104136923596430579228756870471398389523792687326200010303316944077170873117343481856000000000000
8106108758837972890878846852217267699669465060189520257025828202173999875200283054227759474671616000000000000
1702282839355974307084557838965626216930587662639799253975423922456539973792059441387829489681039360000000000000
355777113425398630180672588343815879338492821491718044080863599793416854522540423250056363343337226240000000000000
74001639592482915077579898375513702902406506870277353168819628757030705740688408036011723575414143057920000000000000
15318339395643963421059038963731336500798146922147412105945663152705356088322500463454426780110727612989440000000000000
3155577915502656464738162026528655319164418265962366893824806609457303354194435095471611916702809888275824640000000000000
646893472678044575271323215438374340428705744522285213234085354938747187609859194571680442924076027096544051200000000000000
131966268426321093355349935949428365447455971882546183499753412407504426272411275692622810356511509527694986444800000000000000
26789152490543181951136036997733958185833562292156875250449942718723398533299488965602430502371836434122082248294400000000000000
5411408803089722754129479473542259553538379583015688800590888429182126503726496771051690961479110959692660614155468800000000000000
1087693169421034273580025374181994170261214296186153448918768574265607427249025850981389883257301302898224783445249228800000000000000
217538633884206854716005074836398834052242859237230689783753714853121485449805170196277976651460260579644956689049845760000000000000000
43290188142957164088485009892443367976396328988208907266966989255771175604511228869059317353640591855349346381120919306240000000000000000
8571457252305518489520031958703786859326473139665363638859463872642692769693223316073744836020837187359170583461942022635520000000000000000
1688577078704187142435446295864646011287315208514076636855314382910610475629564993266527732696104925909756604942002578459197440000000000000000
330961107426020679917347473989470618212313780868759020823641619050479653223394738680239435608436565478312294568632505378002698240000000000000000
64537415948074032583882757427946770551401187269408009060610115714843532378561974042646689943645130268270897440883338548710526156800000000000000000
12520258693926362321273254941021673486971830330265153757758362448679645281441022964273457849067155272044554103531367678449842074419200000000000000000
2416409927927787928005738203617182982985563253741174675247363952595171539318117432104777364869960967504598941981553961940819520362905600000000000000000
463950706162135282177101735094499132733228144718305537647493878898272935549078546964117254055032505760882996860458360692637347909677875200000000000000000
88614584876967838895826431403049334352046575641196357690671330869570130689874002470146395524511208600328652400347546892293733450748474163200000000000000000
16836771126623889390207021966579373526888849371827307961227552865218324831076060469327815149657129634062443956066033909535809355642210091008000000000000000000
3182149742931915094749127151683501596581992531275361204672007491526263393073375428702957063285197500837801907696480408902267968216377707200512000000000000000000
598244151671200037812835904516498300157414595879767906478337408406937517897794580596155927897617130157506758646938316873626378024679008953696256000000000000000000
111871656362514407071000314144585182129436529429516598511449095372097315846887586571481158516854403339453763866977465255368132690614974674341199872000000000000000000
20808128083427679715206058430892843876075194473890087323129531739210100747521091102295495484134919021138400079257808537498472680454385289427463176192000000000000000000
3849503695434120747313120809715176117073910977669666154778963371753868638291401853924666664564960018910604014662694579437217445884061278544080687595520000000000000000000
708308679959878217505614228987592405541599619891218572479329260402711829445617941122138666279952643479551138697935802616448010042667275252110846517575680000000000000000000
129620488432657713803527403904729410214112730440092998763717254653696264788548083225351375929231333756757858381722251878809985837808111371136284912716349440000000000000000000
23590928894743703912241987510660752658968516940096925774996540346972720191515751147013950419120102743729930225473449841943417422481076269546803854114375598080000000000000000000
4269958129948610408115799739429596231273301566157543565274373802802062354664350957609525025860738596615117370810694421391758553469074804787971497594701983252480000000000000000000
768592463390749873460843953097327321629194281908357841749387284504371223839583172369714504654932947390721126745924995850516539624433464861834869567046356985446400000000000000000000
137578050946944227349491067604421590571625776461596053673140323926282449067285387854178896333232997582939081687520574257242460592773590210268441652501297900394905600000000000000000000
24488893068556072468209410033587043121749388210164097553818977658878275933976799038043843547315473569763156540378662217789157985513699057427782614145231026270293196800000000000000000000
4334534073134424826873065575944906632549641713199045267025959045621454840313893429733760307874838821848078707647023212548680963435924733164717522703705891649841895833600000000000000000000
762877996871658769529659541366303567328736941523031966996568792029376051895245243633141814185971632645261852545876085408567849564722753036990283995852236930372173666713600000000000000000000
133503649452540284667690419739103124282528964766530594224399538605140809081667917635799817482545035712920824195528314946499373673826481781473299699274141462815130391674880000000000000000000000
23229635004742009532178133034603943625160039869376323395045519717294500780210217668629168241962836214048223410021926800690891019245807829976354147673700614529832688151429120000000000000000000000
4018726855820367649066817014986482247152686897402103947342874911091948634976367656672846105859570665030342649933793336519524146329524754585909267547550206313661055050197237760000000000000000000000
691221019201103235639492526577674946510262146353161878942974484707815165215935236947729530207846154385218935788612453881358153168678257788776394018178635485949701468633924894720000000000000000000000
118198794283388653294353222044782415853254827026390681299248636885036393251924925518061749665541692399872438019852729613712244191843982081880763377108546668097398951136401156997120000000000000000000000
20093795028176071060040047747613010695053320594486415820872268270456186852827237338070497443142087707978314463374964034331081512613476953919729774108452933576557821693188196689510400000000000000000000000
3395851359761756009146768069346598807464011180468204273727413337707095578127803110133914067891012822648335144310368921801952775631677605212434331824328545774438271866148805240527257600000000000000000000000
570503028439975009536657035650228599653953878318658317986205440734792057125470922502497563405690154204920304244141978862728066306121837675688967746487195690105629673512999280408579276800000000000000000000000
95274005749475826592621724953588176142210297679215939103696308602710273539953644057917093088750255752221690808771710470075587073122346891840057613663361680247640155476670879828232739225600000000000000000000000
15815484954412987214375206342295637239606909414749845891213587228049905407632304913614237452732542454868800674256103938032547454138309584045449563868118038921108265809127366051486634711449600000000000000000000000
2609555017478142890371909046478780144535140053433724572050241892628234392259330310746349179700869505053352111252257149775370329932821081367499178038239476421982863858506015398495294727389184000000000000000000000000
427967022866415434020993083622519943703762968763130829816239670391030440330530170962401265470942598828749746245370172563160734108982657344269865198271274133205189672794986525353228335291826176000000000000000000000000
69758624727225715745421872630470750823713363908390325260047066273737961773876417866871406271763643609086208637995338127795199659764173147115988027318217683712445916665582803632576218652567666688000000000000000000000000
11300897205810565950758343366136261633441564953159232692127624736345549807367979694433167816025710264671965799355244776702822344881796049832790060425551264761416238499824414188477347421715962003456000000000000000000000000
1819444450135501118072093281947938122984091957458636463432547582551633518986244730803740018380139352612186493696194409049154397525969164023079199728513753626588014398471730684344852934896269882556416000000000000000000000000
291111112021680178891534925111670099677454713193381834149207613208261363037799156928598402940822296417949838991391105447864703604155066243692671956562200580254082303755476909495176469583403181209026560000000000000000000000000
46286666811447148443754053092755545848715299397747711629724010500113556723010065951647146067590745130454024399631185766210487873060655532747134841093389892260399086297120828609733058663761105812235223040000000000000000000000000
7313293356208649454113140388655376244097017304844138437496393659017941962235590420360249078679337730611735855141727351061257083943583574174047304892755602977143055634945090920337823268874254718333165240320000000000000000000000000
1148187056924757964295763041018894070323231716860529734686933804465816888070987695996559105352656023706042529257251194116617362179142621145325426868162629667411459734686379274493038253213257990778306942730240000000000000000000000000
179117180880262242430139034398947474970424147830242638611161673496667434539074080575463220435014339698142634564131186282192308499946248898670766591433370228116187718611075166820913967501268246561415883065917440000000000000000000000000
27763163036440647576671550331836858620415742913687608984730059391983452353556482489196799167427222653212108357440333873739807817491668579293968821672172385358009096384716650857241664962696578217019461875217203200000000000000000000000000
4275527107611859726807418751102876227544024408707891783648429146365451662447698303336307071783792288594664687045811416555930403893716961211271198537514547345133400843246364232015216404255273045420997128783449292800000000000000000000000000
654155647464614538201535068918740062814235734532307442898209659393914104354497840410454981982920220154983697118009146733057351795738695065324493376239725743805410329016693727498328109851056775949412560703867741798400000000000000000000000000
99431658414621409806633330475648489547763831648910731320527868227874943861883671742389157261403873463557521961937390303424717472952281649929322993188438313058422370010537446579745872697360629944310709226987896753356800000000000000000000000000
15014180420607832880801632901822921921712338578985520429399708102409116523144434433100762746471984892997185816252545935817132338415794529139327771971454185271821777871591154433541626777301455121590917093275172409756876800000000000000000000000000
2252127063091174932120244935273438288256850786847828064409956215361367478471665164965114411970797733949577872437881890372569850762369179370899165795718127790773266680738673165031244016595218268238637563991275861463531520000000000000000000000000000
335566932400585064885916495355742304950270767240326381597083476088843754292278109579802047383648862358487102993244401665512907763593007726263975703562001040825216735430062301589655358472687521967556997034700103358066196480000000000000000000000000000
49663905995286589603115641312649861132640073551568304476368354461148875635257160217810703012780031629056091243000171446495910349011765143487068404127176154042132076843649220635268993053957753251198435561135615296993797079040000000000000000000000000000
7300594181307128671657999272959529586498090812080540758026148105788884718382802552018173342878664649471245412721025202634898821304729476092599055406694894644193415296016435433384541978931789727926170027486935448658088170618880000000000000000000000000000
1065886750470840786062067893852091319628721258563758950671817623445177168883889172594653308060285038822801830257269679584695227910490503509519462089377454618052238633218399573274143128924041300277220824013092575504080872910356480000000000000000000000000000
154553578818271913978999844608553241346164582491745047847413555399550689488163930026224729668741330629306265387304103539780808047021123008880322002959730919617574601816667938124750753693985988540197019481898423448091726572001689600000000000000000000000000000
22255715349831155612975977623631666753847699878811286890027551977535299286295605923776361072298751610620102215771790909728436358771041713278766368426201252424930742661600183089964108531933982349788370805393372976525208626368243302400000000000000000000000000000
3182567295025855252655564800179328345800221082670014025273939932787547797940271647100019633338721480318674616855366100091166399304258964998863590684946779096765096200608826181864867520066559476019737025171252335643104833570658792243200000000000000000000000000000
451924555893671445877090201625464625103631393739141991588899470455831787307518573888202787934098450205251795593461986212945628701204773029838629877262442631740643660486453317824811187849451445594802657574317831661320886367033548498534400000000000000000000000000000
63721362381007673868669718429190512139612026517219020814034825334272282010360118918236593098707881478940503178678140056025333646869872997207246812694004411075430756128589917813298377486772653828867174717978814264246244977751730338293350400000000000000000000000000000
8920990733341074341613760580086671699545683712410662913964875546798119481450416648553123033819103407051670445014939607843546710561782219609014553777160617550560305858002588493861772848148171536041404460517033996994474296885242247361069056000000000000000000000000000000
1240017711934409333484312720632047366236850036025082145041117701004938607921607914148884101700855373580182191857076605490252992768087728525653022975025325839527882514262359800646786425892595843509755220011867725582231927267048672383188598784000000000000000000000000000000
171122444246948488020835155447222536540685304971461336015674242738681527893181892152546006034718041554065142476276571557654913001996106536540117170553494965854847786968205652489256526773178226404346220361637746130348005962852716788880026632192000000000000000000000000000000
23443774861831942858854416296269487506073886781090203034147371255199369321365919224898802826756371692906924519249890303398723081273466595505996052365828810322114146814644174391028144167925417017395432189544371219857676816910822200076563648610304000000000000000000000000000000
3188353381209144228804200616292650300826048602228267612644042490707114227705765014586237184438866550235341734617985081262226339053191456988815463121752718203807523966791607717179827606837856714365778777778034485900644047099871819210412656211001344000000000000000000000000000000
430427706463234470888567083199507790611516561300816127706945736245460420740278276969142019899246984281771134173427985970400555772180846693490087521436616957514015735516867041819276726923110656439380135000034655596586946358482695593405708588485181440000000000000000000000000000000
57677312666073419099067989148734043941943219214309361112730728656891696379197289113865030666499095893757331979239350120033674473472233456927671727872506672306878108559260183603783081407696827962876938090004643849942650812036681209516364950857014312960000000000000000000000000000000
7671082584587764740176042556781627844278448155503145027993186911366595618433239452144049078644379753869725153238833565964478704971807049771380339807043387416814788438381604419303149827223678119062632765970617632042372558000878600865676538463982903623680000000000000000000000000000000
1012582901165584945703237617495174875444755156526415143695100672300390621633187607683014478381058127510803720227526030707311189056278530569822204854529727139019552073866371783348015777193525511716267525108121527429593177656115975314269303077245743278325760000000000000000000000000000000
132648360052691627887124127891867908683262925504960383824058188071351171433947576606474896667918614703915287349805910022657765766372487504646708835943394255211561321676494703618590066812351842034831045789163920093276706272951192766169278703119192369460674560000000000000000000000000000000
17244286806849911625326136625942828128824180315644849897127564449275652286413184958841736566829419911508987355474768302945509549628423375604072148672641253177502971817944311470416708685605739464528035952591309612125971815483655059602006231405495008029887692800000000000000000000000000000000
2224512998083638599667071624746624828618319260718185636729455813956559144947300859690584017120995168584659368856245111079970731902066615452925307178770721659897883364514816179683755420443140390924116637884278939964250364197391502688658803851308856035855512371200000000000000000000000000000000
284737663754705740757385167967567978063144865371927761501370344186439570553254510040394754191487381578836399213599374218236253683464526777974439318882652372466929070657896470999520693816721970038286929649187704315424046617266112344148326892967533572589505583513600000000000000000000000000000000
36161683296847629076187916331881133214019397902234825710674033711677825460263322775130133782318897460512222700127120525716004217799994900802753793498096851303299991973552851816939128114723690194862440065446838448058853920392796267706837515406876763718867209106227200000000000000000000000000000000
4556372095402801263599677457817022784966444135681588039544928247671406007993178669666396856572181080024540060216017186240216531442799357501146977980760203264215798988667659328934330142455184964552667448246301644455415593969492329731061526941266472228577268347384627200000000000000000000000000000000
569546511925350157949959682227127848120805516960198504943116030958925750999147333708299607071522635003067507527002148280027066430349919687643372247595025408026974873583457416116791267806898120569083431030787705556926949246186541216382690867658309028572158543423078400000000000000000000000000000000000
70623767478743419585795000596163853166979884103064614612946387838906793123894269379829151276868806740380370933348266386723356237363390041267778158701783150595344884324348719598482117208055366950566345447817675489058941706527131110831453667589630319542947659384461721600000000000000000000000000000000000
8686723399885440609052785073328153939538525744676947597392405704185535554238995133718985607054863229066785624801836765566972817195696975075936713520319327523227420771894892510613300416590810134919660490081574085154249829902837126632268801113524529303782562104288791756800000000000000000000000000000000000
1059780254786023754304439778946034780623700140850587606881873495910635337617157406313716244060693313946147846225824085399170683697875030959264279049478957957833745334171176886294822650824078836460198579789952038388818479248146129449136793735849992575061472576723232594329600000000000000000000000000000000000
128233410829108874270837213252470208455467717042921100432706693005186875851676046163959665531343890987483889393324714333299652727442878746070977764986953912897883185434712403241673540749713539211684028154584196645047035989025681663345552042037849101582438181783511143913881600000000000000000000000000000000000
15388009299493064912500465590296425014656126045150532051924803160622425102201125539675159863761266918498066727198965719995958327293145449528517331798434469547745982252165488389000824889965624705402083378550103597405644318683081799601466245044541892189892581814021337269665792000000000000000000000000000000000000
1831173106639674724587555405245274576744078999372913314179051576114068587161933939221344023787590763301269940536676920679519040947884308493893562484013701876181771888007693118291098161905909339942847922047462328091271673923286734152574483160300485170597217235868539135090229248000000000000000000000000000000000000
216078426583481617501331537818942400055801321926003771073128085981460093285108204828118594806935710069549852983327876640183246831850348402279440373113616821389449082784907787958349583104897302113256054801600554714770057522947834630003789012915457250130471633832487617940647051264000000000000000000000000000000000000
25281175910267349247655789924816260806528754665342441215555986059830830914357659964889875592411478078137332799049361566901439879326490763066694523654293168102565542685834211191126901223272984347250958411787264901628096730184896651710443314511108498265265181158401051299055704997888000000000000000000000000000000000000
2932616405591012512728071631278686253557335541179723181004494382940376386065488555927225568719731457063930604689725941760567026001872928515736564743898007499897602951556768498170720541899666184281111175767322728588859220701448011598411424483288585798770761014374521950690461779755008000000000000000000000000000000000000
337250886642966438963728237597048919159093587235668165815516854038143284397531183931630940402769117562352019539318483302465207990215386779309704945548270862488224339429028377289632862318461611192327785213242113787718810380666521333817313815578187366858637516653070024329403104671825920000000000000000000000000000000000000
38446601077298174041865019086063576784136668944866170902968921360348334421318554968205927205915679402108130227482307096481033710884554092841306363792502878323657574694909235011018146304304623675925367514309600971799944383395983432055173774975913359821884676898449982773551953932588154880000000000000000000000000000000000000
4344465921734693666730747156725184176607443590769877312035488113719361789608996711407269774268471772438218715705500701902356809329954612491067619108552825250573305940524743556245050532386422475379566529116984909813393715323746127822234636572278209659872968489524848053411370794382461501440000000000000000000000000000000000000
486580183234285690673843681553220627780033682166226258947974668736568520436207631677614214718068838513080496159016078613063962644954916598999573340157916428064210265338771278299445659627279317242511451261102309899100096116259566316090279296095159481905772470826782981982073528970835688161280000000000000000000000000000000000000
54010400339005711664796648652407489683583738720451114743225188229759105768419047116215177833705641074951935073650784726050099853589995742488952640757528723515127339452603611891238468218628004213918771089982356398800110668904811861086021001866562702491540744261772911000010161715762761385902080000000000000000000000000000000000000
5941144037290628283127631351764823865194211259249622621754770705273501634526095182783669561707620518244712858101586319865510983894899531673784790483328159586664007339786397308036231504049080463531064819898059203868012173579529304719462310205321897274069481868795020210001117788733903752449228800000000000000000000000000000000000000
647584700064678482860911817342365801306169027258208865771270006874811678163344374923419982226130636488673701533072908865340697244544048952442542162682769394946376800036717306575949233941349770524886065368888453221613326920168694214421391812380086802873573523698657202890121838971995509016965939200000000000000000000000000000000000000
69939147606985276148978476272975506541066254943886557503297160742479661241641192491729358080422108740776759765571874157456795302410757286863794553569739094654208694403965469110202517265665775216687695059839952947934239307378218975157510315737049374710345940559454977912133158608975514973832321433600000000000000000000000000000000000000
7483488793947424547940696961208379199894089278995861652852796199445323752855607596615041314605165635263113294916190534847877097357951029694426017231962083128000330301224305194791669347426237948185583371402874965428963605889469430341853603783864283094007015639861682636598247971160380102200058393395200000000000000000000000000000000000000
793249812158427002081713877888088195188773463573561335202396397141204317802694405241194379348147557337890009261116196693874972319942809147609157826587980811568035011929776350647916950827181222507671837368704746335470142224283759616236482001089614007964743657825338359479414284943000290833206189699891200000000000000000000000000000000000000
83291230276634835218579957178249260494821213675223940196251621699826453369282912550325409831555493520478450972417200652856872093593994960498961571791737985214643676252626516818031279836854028363305542923713998365224364933549794759704830610114409470836298084071660527745338499919015030537486649918488576000000000000000000000000000000000000000
8662287948770022862732315546537923091461406222223289780410168656781951150405422905233842622481771326129758901131388867897114697733775475891892003466340750462322942330273157749075253103032818949783776464066255829983333953089178655009302383451898584966975000743452694885515203991577563175898611591522811904000000000000000000000000000000000000000
892215658723312354861428501293406078420524840888998847382247371648540968491758559239085790115622446591365166816533053393402813866578874016864876357033097297619263060018135248154751069612380351827728975798824350488283397168185401465958145495545554251598425076575627573208066011132489007117556993926849626112000000000000000000000000000000000000000
91005997189777860195865707131927419998893533770677882432989231908151178786159373042386750591793489552319247015286371446127087014391045149720217388417375924357164832121849795311784609100462795886428355531480083749804906511154910949527730840545646533663039357810714012467222733135513878725990813380538661863424000000000000000000000000000000000000000
9191605716167563879782436420324669419888246910838466125731912422723269057402096677281061809771142444784243948543923516058835788453495560121741956230154968360073648044306829326490245519146742384529263908679488458730295557626646005902300814895110299899966975138882115259189496046686901751325072151434404848205824000000000000000000000000000000000000000
919160571616756387978243642032466941988824691083846612573191242272326905740209667728106180977114244478424394854392351605883578845349556012174195623015496836007364804430682932649024551914674238452926390867948845873029555762664600590230081489511029989996697513888211525918949604668690175132507215143440484820582400000000000000000000000000000000000000000
90996896590058882409846120561214227256893644417300814644745932984960363668280757105082511916734310203364015090584842808982474305689606045205245366678534186764729115638637610332253430639552749606839712695926935741429926020503795458432778067461591969009673053874932941065976010862200327338118214299200607997237657600000000000000000000000000000000000000000
8917695865825770476164919814998994271175577152895479835185101432526115639491514196298086167839962399929673478877314595280282481957581392430114045934496350302943453332586485812560836202676169461470291844200839702660132750009371954926412250611236012962947959279743428224465649064495632079135585001321659583729290444800000000000000000000000000000000000000000
865016498985099736187997222054902444304030983830861544012954838955033217030676877040914358280476352793178327451099515742187400749885395065721062455646145979385514973260889123818401111659588437762618308887481451158032876750909079627861988309289893257405952050135112537773167959256076311676151745128200979621741173145600000000000000000000000000000000000000000
83041583902569574674047733317270634653186974447762708225243664539683188834944980195927778394925729868145119435305553511249990471988997926309221995742030014021009437433045355886566506719320490025211357653198219311171156168087271644274750877691829752710971396812970803626224124088583325920910567532307294043687152621977600000000000000000000000000000000000000000
7888950470744109594034534665140710292052762572537457281398148131269902939319773118613138947517944337473786346354027583568749094838954802999376089595492851331995896556139308809223818138335446552395078977053830834561259835968290806206101333380723826507542282697232226344491291788415415962486503915569192934150279499087872000000000000000000000000000000000000000000
741561344249946301839246258523226767452959681818520984451425924339370876296058673149635061066686767722535916557278592855462414914861751481941352421976328025207614276277095028067038905003531975925137423843060098448758424581019335783373525337788039691708974573539829276382181428111049100473731368063504135810126272914259968000000000000000000000000000000000000000000
68965205015245006071049902042660089373125250409122451553982610963561491495533456602916060679201869398195840239826909135558004587082142887820545775243798506344308127693769837610234618165328473761037780417404589155734533486034798227853737856414287691328934635339204122703542872814327566344057017229905884630341743381026177024000000000000000000000000000000000000000000
6344798861402540558536590987924728222327523037639265542966400208647657217589078007468277582486571984634017302064075640471336422011557145679490211322429462583676347747826825060141584871210219586015475798401222202327577080715201436962543882790114467602261986451206779288725944298918136103653245585151341385991440391054408286208000000000000000000000000000000000000000000
577376696387631190826829779901150268231804596425173164409942418986936806800606098679613260006278050601695574487830883282891614403051700256833609230341081095114547645052241080472884223280129982327408297654511220411809514345083330763591493333900416551805840767059816915274060931201550385432445348248772066125221075585951154044928000000000000000000000000000000000000000000
51963902674886807174414680191103524140862413678265584796894817708824312612054548881165193400565024554152601703904779495460245296274653023115024830730697298560309288054701697242559580095211698409466746788906009837062856291057499768723234400051037489662525669035383522374665483808139534688920081342389485951269896802735603864043520000000000000000000000000000000000000000000
4624787338064925838522906537008213648536754817365637046923638776085363822472854850423702212650287185319581551647525375095961831368444119057237209935032059571867526636868451054587802628473841158442540464212634875498594209904117479416367861604542336579964784544149133491345228058924418587313887239472664249663020815443468743899873280000000000000000000000000000000000000000000
406981285749713473790015775256722801071234423928176060129280212295512016377611226837285794713225272308123176544982233008444641160423082477036874474282821242324342344044423692803726631305698021942943560850711869043876290471562338188640371821199725619036901039885123747238380069185348835683622077073594453970345831759025249463188848640000000000000000000000000000000000000000000
35407371860225072219731372447334883693197394881751317231247378469709545424852176734843864140050598690806716359413454271734683780956808175502208079262605448082217783931864861273924216923595727909036089794011932606817237271025923422411712348444376128856210390470005766009739066019125348704475120705402717495420087363035196703297429831680000000000000000000000000000000000000000000
3045033979979356210896898030470799997614975959830613281887274548395020906537287199196572316044351487409377606909557067369182805162285503093189894816584068535070729418140378069557482655429232600177103722285026204186282405308229414327407261966216347081634093580420495876837559677644779988584860380664633704606127513221026916483578965524480000000000000000000000000000000000000000000
258827888298245277926236332590017999797272956585602128960418336613576777055669411931708646863769876429797096587312350726380538438794267762921141059409645825481012000541932135912386025711484771015053816394227227355834004451199500217829617267128389501938897954335742149531192572599806299029713132356493864891520838623787287901104212069580800000000000000000000000000000000000000000000
21741542617052603345803851937561511982970928353190578832675140275540449272676230602263526336556669620102956113334237461015965228858718492085375848990410249340405008045522299416640426159764720765264520577115087097890056373900758018297687850438784718162867428164202340560620176098383729118495903117945484650887750444398132183692753813844787200000000000000000000000000000000000000000000
1804548037215366077701719710817605494586587053314818043112036642869857289632127139987872685934203578468545357406741709264325113995273634843086195466204050695253615667778350851581155371260471823516955207900552229124874679033762915518708091586419131607517996537628794266531474616165849516835159958789475226023683286885044971246498566549117337600000000000000000000000000000000000000000000
147972939051660018371541016287043650556100138371815079535187004715328297749834425479005560246604693434420719307352820159674659347612438057133068028228732157010796484757824769829654740443358689528390327047845282788239723680768559072534063510086368791816475716085561129855580918525599660380483116620736968533942029524573687642212882457027621683200000000000000000000000000000000000000000000
11985808063184461488094822319250535695044111208117021442350147381941592117736588463799450379974980168188078263895578432933647407156607482627778510286527304717874515265383806356202033975912053851799616490875467905847417618142253284875259144316995872137134533002930451518302054400573572490819132446279694451249304391490468699019243479019237356339200000000000000000000000000000000000000000000
958864645054756919047585785540042855603528896649361715388011790555327369418927077103956030397998413455046261111646274634691792572528598610222280822922184377429961221230704508496162718072964308143969319270037432467793409451380262790020731545359669770970762640234436121464164352045885799265530595702375556099944351319237495921539478321538988507136000000000000000000000000000000000000000000000
75750306959325796604759277057663385592678782835299575515652931453870862184095239091212526401441874662948654627820055696140651613229759290207560185010852565816966936477225656171196854727764180343373576222332957164955679346659040760411637792083413911906690248578520453595668983811624978141976917060487668931895603754219762177801618787401580092063744000000000000000000000000000000000000000000000
5908523942827412135171223610497744076228945061153366890220928653401927250359428649114577059312466223709995060969964344298970825831921224636189694430846500133723421045223601181353354668765606066783138945341970658866542989039405179312107747782506285128721839389124595380462180737306748295074199530718038176687857092829141449868526265417323247180972032000000000000000000000000000000000000000000000
454956343597710734408184218008326293869628769708809250547011506311948398277676005981822433567059899225669619694687254511020753589057934296986606471175180510296703420482217290964208309494951667142301698791331740732723810156034198807032296579252983954911581632962593844295587916772619618720713363865288939604964996147843891639876522437133890032934846464000000000000000000000000000000000000000000000
34576682113426015815022000568632798334091786497869503041572874479708078269103376454618504951096552341150891096796231342837577272768403006570982091809313718782549459956648514113279831521616326702814929108141212295687009571858599109334454540023226780573280204105157132166464681674719091022774215653761959409977339707236135764630615705222175642503048331264000000000000000000000000000000000000000000000
2593251158506951186126650042647459875056883987340212728117965585978105870182753234096387871332241425586316832259717350712818295457630225492823656885698528908691209496748638558495987364121224502711119683110590922176525717889394933200084090501742008542996015307886784912484851125603931826708066174032146955748300478042710182347296177891663173187728624844800000000000000000000000000000000000000000000000
191900585729514387773372103155912030754209415063175741880729453362379834393523739323132702478585865493387445587219083952748553863864636686468950609541691139243149502759399253328703064944970613200622856550183728241062903123815225056806222697128908632181705132783622083523878983294690955176396896878378874725374235375160553493699917163983074815891918238515200000000000000000000000000000000000000000000000
14008742758254550307456163530381578245057287299611829157293250095453727910727232970588687280936768181017283527866993128550644432062118478112233394496543453164749913701436145492995323740982854763645468528163412161597591928038511429146854256890410330149264474693204412097243165780512439727876973472121657854952319182386720405040093952970764461560110031411609600000000000000000000000000000000000000000000000
1008629478594327622136843774187473633644124685572051699325114006872668409572360773882385484227447309033244414006423505255646399108472530424080804403751128627861993786503402475495663309350765542982473734027765675635026618818772822898573506496109543770747042177910717671001507936196895660407142089992759365556566981131843869162886764613895041232327922261635891200000000000000000000000000000000000000000000000
71612692980197261171715907967310627988732852675615670652083094487959457079637614945649369380148758941360353394456068873150894336701549660109737112666330132578201558841741575760192094963904353551755635115971362970086889936132870425798718961223777607723039994631660954641107063469979591888907088389485914954516255660360914710564960287586547927495282480576148275200000000000000000000000000000000000000000000000
5012888508613808282020113557711743959211299687293096945645816614157161995574633046195455856610413125895224737611924821120562603569108476207681597886643109280474109118921910303213446647473304748622894458117995407906082295529300929805910327285664432540612799624216266824877494442898571432223496187264014046816137896225264029739547220131058354924669773640330379264000000000000000000000000000000000000000000000000
345889307094352771459387835482110333185579678423223689249561346376844177694649680187486454106118505686770506895222812657318819646268484858330030254178374540352713529205611810921727818675658027654979717610141683145519678391521764156607812582710845845302283174070922410916547116560001428823421236921216969230313514839543218052028758189043026489802214381182796169216000000000000000000000000000000000000000000000000
23520472882415988459238372812783502656619418132779210868970171553625404083236178252749078879216058386700394468875151260697679735946256970366442057284129468743984519985981603142677491669944745880538620797489634453895338130623479962649331255624337517480555255836822723942325203926080097159992644110642753907661319009088938827537955556854925801306550577920430139506688000000000000000000000000000000000000000000000000
1575871683121871226768970978456494677993501014896207128221001494092902073576823942934188284907475911908926429414635134466744542308399217014551617838036674405846962839060767410559391941886297973996087593431805508410987654751773157497505194126830613671197202141067122504135788663047366509719507155413064511813308373608958901445043022309280028687538888720668819346948096000000000000000000000000000000000000000000000000
104007531086043500966752084578128648747571066983149670462586098610131536856070380233656426803893410185989144341365918874805139792354348322960406777310420510785899547378010649096919868164495666283741781166499163555125185213617028394835342812370820502299015341310430085272962051761126189641487472257262257779678352658191287495372839472412481893377566655564142076898574336000000000000000000000000000000000000000000000000
6760489520592827562838885497578362168592119353904728580068096409658549895644574715187667742253071662089294382188784726862334086503032640992426440525177333201083470579570692191299791430692218308443215775822445631083137038885106845664297282804103332649435997185177955542742533364473202326696685696722046755679092922782433687199234565706811323069541832611669234998407331840000000000000000000000000000000000000000000000000
432671329317940964021688671845015178789895638649902629124358170218147193321252781772010735504196586373714840460082222519189381536194089023515292193611349324869342117092524300243186651564301971740365809652636520389320770488646838122515026099462613289563903819851389154735522135326284948908587884590210992363461947058075755980751012205235924676450677287146831039898069237760000000000000000000000000000000000000000000000000
27258293747030280733366386326235956263763425234943865634834564723743273179238925251636676336764384941544034948985180018708931036780227608481463408197515007466768553376829030915320759048551024219643046008116100784527208540784750801718446644266144637242525940650637516748337894525555951781241036729183292518898102664658772626787313768929863254616392669090250355513578361978880000000000000000000000000000000000000000000000000
1690014212315877405468715952226629288353332364566519669359743012872082937112813365601473932879391866375730166837081161159953724280374111725850731308245930462939650309363399916749887061010163501617868852503198248640686929528654549706543691944500967509036608320339526038396949460584469010436944277209364136171682365208843902860813453673651521786216345483595522041841858442690560000000000000000000000000000000000000000000000000
103090866951268521733591673085824386589553274238557699830944323785197059163881615301689909905642903848919540177061950830757177181102820815276894609803001758239318668871167394921743110721619973598690000002695093167081902701247927532099165208614559018051233107540711088342213917095652609636653600909771212306472624277739478074509620674092742828959197074499326844552353365004124160000000000000000000000000000000000000000000000000
6185452017076111304015500385149463195373196454313461989856659427111823549832896918101394594338574230935172410623717049845430630866169248916613676588180105494359120132270043695304586643297198415921400000161705590024914162074875651925949912516873541083073986452442665300532835025739156578199216054586272738388357456664368684470577240445564569737551824469959610673141201900247449600000000000000000000000000000000000000000000000000
364941669007490566936914522723818328527018590804494257401542906199597589440140918167982281065975879625175172226799305940880407221103985686080206918702626224167188087803932578022970611954534706539362600009540629811469935562417663463631044838495538923901365200694117252731437266518610238113753747220590091564913089943197752383764057186288309614515557643727617029715330912114599526400000000000000000000000000000000000000000000000000
21166616802434452882341042317981463054567078266660666929289488559576660187528173253742972301826601018260159989154359744571063618824031169792652001284752321001696909092628089525332295493363012979283030800553356529065256262620224480890600600632741257586279181640258800658423361458079393810597717338794225310764959216705469638258315316804721957641902343336201787723489192902646772531200000000000000000000000000000000000000000000000000
1206497157738763814293439412124943394110323461199658014969500847895869630689105875463349421204116258040829119381798505440550626272969776678181164073230882297096723818279801102943940843121691739819132755631541322156719606969352795410764234236066251682417913353494751637530131603110525447204069888311270842713602675352211769380723973057869151585588433570163501900238883995450866034278400000000000000000000000000000000000000000000000000
67563840833370773600432607078996830070178113827180848838292047482168699318589929025947567587430510450286430685380716304670835071286307493978145188100929408637416533823668861764860687214814737429871434315366314040776297990283756543002797117219710094215403147795706091701687369774189425043427913745431167191961749819723859085320542491240672488792952279929156106413377503745248497919590400000000000000000000000000000000000000000000000000
3716011245835392548023793389344825653859796260494946686106062611519278462522446096427116217308678074765753687695939396756895928920746912168797985345551117475057909360301787397067337796814810558642928887345147272242696389465606609865153841447084055181847173128763835043592805337580418377388535255998714195557896240084812249692629837018236986883612375396103585852735762705988667385577472000000000000000000000000000000000000000000000000000
200664607275111197593284843024620585308428998066727121049727381022041036976212089207064275734668616037350699135580727424872380161720333257115091208659760343653127105456296519441636241027999770166718159916637952701105605031142756932718307438142538979819747348953247092354011488229342592378980903823930566560126396964579861483402011198984797291715068271389593636047731186123388038821183488000000000000000000000000000000000000000000000000000
10635224185580893472444096680304891021346736897536537415635551194168174959739240727974406613937436649979587054185778553518236148571177662627099834058967298213615736589183715530406720774483987818836062475581811493158597066650566117434070294221554565930446609494522095894762608876155157396085987902668320027686699039122732658620306593546194256460898618383648462710529752864539566057522724864000000000000000000000000000000000000000000000000000
553031657650206460567093027375854333110030318671899945613048662096745097906440517854669143924746705798938526817660484782948279725701238456609191371066299507108018302637553207581149480273167366579475248730254197644247047465829438106571655299520837428383223693715148986527655661560068184596471370938752641439708350034382098248255942864402101335966728155949720060947547148956057434991181692928000000000000000000000000000000000000000000000000000
28204614540160529488921744396168570988611546252266897226265481766933999993228466410588126340162081995745864867700684723930362266010763161287068759924381274862508933434515213586638623493931535695553237685242964079856599420757301343435154420275562708847544408379472598312910438739563477414420039917876384713425125851753487010661053086084507168134303135953435723108324904596758929184550266339328000000000000000000000000000000000000000000000000000
1410230727008026474446087219808428549430577312613344861313274088346699999661423320529406317008104099787293243385034236196518113300538158064353437996219063743125446671725760679331931174696576784777661884262148203992829971037865067171757721013778135442377220418973629915645521936978173870721001995893819235671256292587674350533052654304225358406715156797671786155416245229837946459227513316966400000000000000000000000000000000000000000000000000000
69101305623393297247858273770612998922098288318053898204350430328988299983409742705940909533397100889577368925866677573629387551726369745153318461814734123413146886914562273287264627560132262454105432328845261995648668580855388291416128329675128636676483800529707865866630574911930519665329097798797142547891558336796043176119580060907042561929042683085917521615396016262059376502148152531353600000000000000000000000000000000000000000000000000000
3316862669922878267897197140989423948260717839266587113808820655791438399203667649885163657603060842699713708441600523534210602482865747767359286167107237923831050571898989117788702122886348597797060751784572575791136091881058637987974159824406174560471222425425977561598267595772664943935796694342262842298794800166210072453739842923538042972594048788124041037539008780578850072103111321504972800000000000000000000000000000000000000000000000000000
155892545486375278591168265626502925568253738445529594349014570822197604762572379544602691907343859606886544296755224606107898316694690145065886449854040182420059376879252488536068999775658384096461855333874911062183396318409755985434785511747090204342147453995020945395118577001315252364982444634086353588043355607811873405325772617406288019711920293041829928764333412687205953388846232110733721600000000000000000000000000000000000000000000000000000
7171057092373262815193740218819134576139671968494361340054670257821089819078329459051723827737817541916781037650740331880963322567955746673030776693285848391322731336445614472659173989680285668437245345358245908860436230646848775330000133540366149399738782883770963488175454542060501608789192453167972265049994357959346176644985540400689248906748333479924176723159336983611473855886926677093751193600000000000000000000000000000000000000000000000000000
322697569156796826683718309846861055926285238582246260302460161601949041858524825657327572248201789386255146694283314934643349515558008600286384951197863177609522910140052651269662829535612855079676040541121065898719630379108194889850006009316476722988245229769693356967895454392722572395513660392558751927249746108170577949024349318031016200803675006596587952542170164262516323514911700469218803712000000000000000000000000000000000000000000000000000000
14198693042899060374083605633261886460756550497618835453308247110485757841775092328922413178920878732995226454548465857124307378684552378412600937852705979814819008046162316655865164499566965623505745783809326899543663736680760575153400264409924975811482790109866507706587399993279793185402601057272585084798988828759505429757071369993364712835361700290249869911855487227550718234656114820645627363328000000000000000000000000000000000000000000000000000000
610543800844659596085595042230261117812531671397609924492254625750887587196328970143663766693597785518794737545584031856345217283435752271741840327666357132037217345984979616202202073481379521810747068703801056680377540677272704731596211369626773959893759974724259831383258199711031106972311845462721158646356519636658733479554068909714682651920553112480744406209785950784680884090212937287761976623104000000000000000000000000000000000000000000000000000000
25642839635475703035594991773670966948126330198699616828674694281537278662245816746033878201131106991789378976914529337966499125904301595413157293761986999545563128531369143880492487086217939916051376885559644380575856708445453598727040877524324506315537918938418912918096844387863306492837097509434288663146973824739666806141270894208016671380663230724191265060811009932956597131788943366086003018170368000000000000000000000000000000000000000000000000000000
1051356425054503824459394662720509644873179538146684289975662465543028425152078486587389006246375386663364538053495702856626464162076365411939449044241466981368088269786134899100191970534935536558106452307945419603610125046263597547808675978497304758937054676475175429641970619902395566206320997886805835189025926814326339051792106662528683526607192459691841867493251407251220482403346678009526123744985088000000000000000000000000000000000000000000000000000000
42054257002180152978375786508820385794927181525867371599026498621721137006083139463495560249855015466534581522139828114265058566483054616477577961769658679254723530791445395964007678821397421462324258092317816784144405001850543901912347039139892190357482187059007017185678824796095822648252839915472233407561037072573053562071684266501147341064287698387673674699730056290048819296133867120381044949799403520000000000000000000000000000000000000000000000000000000
1640116023085025966156655673843995046002160079508827492362033446247124343237242439076326849744345603194848679363453296456337284092839130042625540509016688490934217700866370442596299474034499437030646065600394854581631795072171212174581534526455795423941805295301273670241474167047737083281860756703417102894880445830349088920795686393544746301507220237119273313289472195311903952549220817694860753042176737280000000000000000000000000000000000000000000000000000000
62324408877230986713952915606071811748082083021335444709757270957390725043015212684900420290285132921404249815811225265340816795527886941619770539342634162655500272632922076818659380013310978607164550492815004474102008212742506062634098312005320226109788601221448399469176018347814009164710708754729849910005456941553265378990236082954700359457274369010532385904999943421852350196870391072404708615602716016640000000000000000000000000000000000000000000000000000000
2306003128457546508416257877424657034679037071789411454261019025423456826591562869341315550740549918091957243185015334817610221434531816839931509955677464018253510087418116842290397060492506208465088368234155165541774303871472724317461637544196848366062178245193590780359512678869118339094296223925004446670201906837470819022638735069323913299919151653389698278484997906608536957284204469678974218777300492615680000000000000000000000000000000000000000000000000000000
83016112624471674302985283587287653248445334584418812353396684915244445757296263296287359826659797051310460754660552053433967971643145406237534358404388704657126363147052206322454294177730223504743181256429585959503874939373018075428618951591086541178238416826969268092942456439288260207394664061300160080127268646148949484814994462495660878797089459522029138025459924637907330462231360908443071875982817734164480000000000000000000000000000000000000000000000000000000
2905563941856508600604484925555067863695586710454658432368883972033555601505369215370057593933092896795866126413119321870188879007510089218313702544153604662999422710146827221285900296220557822666011343975035508582635622878055632640001663305688028941238344588943924383252985975375089107258813242145505602804454402615213231968524806187348130757898131083271019830891097362326756566178097631795507515659398620695756800000000000000000000000000000000000000000000000000000000
98789174023121292420552487468872307365649948155458386700542055049140890451182553322581958193725158491059448298046056943586421886255343033422665886501222558541980372144992125523720610071498965970644385695151207291809611177853891509760056552393392984002103716024093429030601523162753029646799650232947190495351449688917249886929843410369836445768536456831214674250297310319109723250055319481047255532419553103655731200000000000000000000000000000000000000000000000000000000
3260042742763002649878232086472786143066448289130126761117887816621649384889024259645204620392930230204961793835519879138351922246426320102947974254540344431885352280784740142282780132359465877031264727939989840629717168869178419822081866228981968472069422628795083158009850264370849978344388457687257286346597839734269246268684832542204602710361703075430084250259811240530620867251825542874559432569845252420639129600000000000000000000000000000000000000000000000000000000
104321367768416084796103426767129156578126345252164056355772410131892780316448776308646547852573767366558777402736636132427261511885642243294335176145291021820331272985111684553048964235502908065000471294079674900150949403813709434306619719327422991106221524121442661056315208459867199307020430645992233163091130871496615880597914641350547286731574498413762696008313959696979867752058417371985901842235048077460452147200000000000000000000000000000000000000000000000000000000
3233962400820898628679206229781003853921916702817085747028944714088676189809912065568042983429786788363322099484835720105245106868454909542124390460504021676430269462538462221144517891300590150015014610116469921904679431518224992463505211299150112724292867247764722492745771462255883178517633350025759228055825057016395092298535353881866965888678809450826643576257732750606375900313810938531562957109286490401274016563200000000000000000000000000000000000000000000000000000000
97018872024626958860376186893430115617657501084512572410868341422660285694297361967041289502893603650899662984545071603157353206053647286263731713815120650292908083876153866634335536739017704500450438303494097657140382945546749773905156338974503381728786017432941674782373143867676495355529000500772776841674751710491852768956060616456008976660364283524799307287731982518191277009414328155946888713278594712038220496896000000000000000000000000000000000000000000000000000000000
2813547288714181806950909419909473352912067531450864599915181901257148285134623497044197395583914505876090226551807076491563242975555771301648219700638498858494334432408462132395730565431513430513062710801328832057071105420855743443249533830260598070134794505555308568688821172162618365310341014522410528408567799604263730299725757877224260323150564222219179911344227493027547033273015516522459772685079246649108394409984000000000000000000000000000000000000000000000000000000000
78779324083997090594625463757465253881537890880624208797625093235200151983769457917237527076349606164530526343450598141763770803315561596446150151617877968037841364107436939707080455832082376054365755902437207297597990951783960816410986947247296745963774246155548639923286992820553314228689548406627494795439898388919384448392321220562279289048215798222137037517638369804771316931644434462628873635182218906175035043479552000000000000000000000000000000000000000000000000000000000
2127041750267921446054887521451561854801523053776853637535877517350404103561775363765413231061439366442324211273166149827621811689520163104046054093682705137021716830900797372091172307466224153467875409365804597035145755698166942043096647575677012141021904646199813277928748806154939484174617806978942359476877256500823380106592672955181540804301826551997700012976235984728825557154399730490979588149919910466725946173947904000000000000000000000000000000000000000000000000000000000
55303085506965957597427075557740608224839599398198194575932815451110506692606159457900744007597423527500429493102319895518167103927524240705197406435750333562564637603420731674370479994121827990164760643510919522913789648152340493120512836967602315666569520801195145226147468960028426588540062981452501346398808669021407882771409496834720060911847490351940200337382135602949464486014392992765469291897917672134874600522645504000000000000000000000000000000000000000000000000000000000
1382577137674148939935676888943515205620989984954954864398320386277762667315153986447518600189935588187510737327557997387954177598188106017629935160893758339064115940085518291859261999853045699754119016087772988072844741203808512328012820924190057891664238020029878630653686724000710664713501574536312533659970216725535197069285237420868001522796187258798505008434553390073736612150359824819136732297447941803371865013066137600000000000000000000000000000000000000000000000000000000000
33181851304179574558456245334644364934903759638918916745559689270666304015563695674740446404558454116500257695861391937310900262356514544423118443861450200137538782562052439004622287996473096794098856386106551713748273788891404295872307702180561389399941712480717087135688481376017055953124037788871500807839285201412844729662845698100832036547108494211164120202429281361769678691608635795659281575138750603280924760313587302400000000000000000000000000000000000000000000000000000000000
763182579996130214844493642696820393502786471695135085147872853225324992357965000519030267304844444679505927004812014558150706034199834521731724208813354603163391998927206097106312623918881226264273696880450689416210297144502298805063077150152911956198659387056493004120835071648392286921852869144044518580303559632495428782245451056319136840583495366856774764655873471320702609906998623300163476228191263875461269487212507955200000000000000000000000000000000000000000000000000000000000
16790016759914864726578860139330048657061302377292971873253202770957149831875230011418665880706577782949130394105864320279315532752396359478097932593893801269594623976398534136338877726215386977814021331369915167156626537179050573711387697303364063036370506515242846090658371576264630312280763121168979408766678311914899433209399923239021010492836898070849044822429216369055457417953969712603596477020207805260147928718675175014400000000000000000000000000000000000000000000000000000000000
352590351958212159258156062925931021798287349923152409338317258190100146469379830239791983494838133441931738276223150725865626187800323549040056584471769826661487103504369216863116432250523126534094447958768218510289157280760062047939141643370645323763780636820099767903825803101557236557896025544548567584100244550212888097397398388019441220349574859487829941271013543750164605777033363964675526017424363910463106503092178675302400000000000000000000000000000000000000000000000000000000000
7051807039164243185163121258518620435965746998463048186766345163802002929387596604795839669896762668838634765524463014517312523756006470980801131689435396533229742070087384337262328645010462530681888959175364370205783145615201240958782832867412906475275612736401995358076516062031144731157920510890971351682004891004257761947947967760388824406991497189756598825420270875003292115540667279293510520348487278209262130061843573506048000000000000000000000000000000000000000000000000000000000000
133984333744120620518099303911853788283349192970797915548560558112238055658364335491120953728038490707934060544964797275828937951364122948635221502099272534131365099331660302407984244255198788082955890224331923033909879766688823578216873824480845223030236641991637911803453805178591749892000489706928455681958092929080897477011011387447387663732838446605375377682985146625062550195272678306576699886621258285975980471175027896614912000000000000000000000000000000000000000000000000000000000000
2411718007394171169325787470413368189100285473474362479874090046020285001850558038840177167104692832742813089809366350964920883124554213075433987037786905614364571787969885443343716396593578185493206024037974614610377835800398824407903728840655214014544259555849482412462168493214651498056008814724712202275245672723456154586198204974052977947191092038896756798293732639251125903514908209518380597959182649147567648481150502139068416000000000000000000000000000000000000000000000000000000000000
40999206125700909878538386997027259214704853049064162157859530782344845031459486660283011840779778156627822526759227966403655013117421622282377779642377395444197720395488052536843178742090829153384502408645568448376423208606780014934363390291138638247252412449441201011856864384649075466952149850320107438679176436298754627965369484558900625102248564661244865570993454867269140359753439561812470165306105035508650024179558536364163072000000000000000000000000000000000000000000000000000000000000
655987298011214558056614191952436147435277648785026594525752492517517520503351786564528189452476450506045160428147647462458480209878745956518044474278038327107163526327808840589490859873453266454152038538329095174022771337708480238949814244658218211956038599191059216189709830154385207471234397605121719018866822980780074047445911752942410001635977034579917849135895277876306245756055032988999522644897680568138400386872936581826609152000000000000000000000000000000000000000000000000000000000000
9839809470168218370849212879286542211529164731775398917886287387762762807550276798467922841787146757590677406422214711936877203148181189347770667114170574906607452894917132608842362898101798996812280578074936427610341570065627203584247213669873273179340578987865888242845647452315778112068515964076825785283002344711701110711688676294136150024539655518698767737038429168144593686340825494834992839673465208522076005803094048727399137280000000000000000000000000000000000000000000000000000000000000
137757332582355057191888980310011590961408306244855584850408023428678679305703875178550919785020054606269483689911005967116280844074536650868789339598388048692504340528839856523793080573425185955371928093049109986544781980918780850179460991378225824510768105830122435399839064332420893568959223497075560993962032825963815549963641468117906100343555177261782748318538008354024311608771556927689899755428512919309064081243316682183587921920000000000000000000000000000000000000000000000000000000000000
1790845323570615743494556744030150682498307981183122603055304304572822830974150377321161957205260709881503287968843077572511650972968976461294261414779044633002556426874918134809310047454527417419835065209638429825082165751944151052332992887916935718639985375791591660197907836321471616396469905461982292921506426737529602149527339085532779304466217304403175728140994108602316050914030240059968696820570667951017833056163116868386642984960000000000000000000000000000000000000000000000000000000000000
21490143882847388921934680928361808189979695774197471236663651654873873971689804527853943486463128518578039455626116930870139811675627717535531136977348535596030677122499017617711720569454329009038020782515661157900985989023329812627995914655003228623679824509499099922374894035857659396757638865543787515058077120850355225794328069026393351653594607652838108737691929303227792610968362880719624361846848015412213996673957402420639715819520000000000000000000000000000000000000000000000000000000000000
236391582711321278141281490211979890089776653516172183603300168203612613688587849806393378351094413704358434011887286239571537928431904892890842506750833891556337448347489193794828926263997619099418228607672272736910845879256627938907955061205035514860478069604490099146123834394434253364334027520981662665638848329353907483737608759290326868189540684181219196114611222335505718720651991687915867980315328169534353963413531426627036874014720000000000000000000000000000000000000000000000000000000000000
2363915827113212781412814902119798900897766535161721836033001682036126136885878498063933783510944137043584340118872862395715379284319048928908425067508338915563374483474891937948289262639976190994182286076722727369108458792566279389079550612050355148604780696044900991461238343944342533643340275209816626656388483293539074837376087592903268681895406841812191961146112223355057187206519916879158679803153281695343539634135314266270368740147200000000000000000000000000000000000000000000000000000000000000
21275242444018915032715334119078190108079898816455496524297015138325135231972906482575404051598497233392259061069855761561438413558871440360175825607575050240070370351274027441534603363759785718947640574690504546321976129133096514501715955508453196337443026264404108923151145095499082802790062476888349639907496349641851673536384788336129418137058661576309727650315010010195514684858679251912428118228379535258091856707217828396433318661324800000000000000000000000000000000000000000000000000000000000000
170201939552151320261722672952625520864639190531643972194376121106601081855783251860603232412787977867138072488558846092491507308470971522881406604860600401920562962810192219532276826910078285751581124597524036370575809033064772116013727644067625570699544210115232871385209160763992662422320499815106797119259970797134813388291078306689035345096469292610477821202520080081564117478869434015299424945827036282064734853657742627171466549290598400000000000000000000000000000000000000000000000000000000000000
1191413576865059241832058710668378646052474333721507805360632847746207572990482763024222626889515845069966507419911922647440551159296800660169846234024202813443940739671345536725937788370548000261067872182668254594030663231453404812096093508473378994896809470806630099696464125347948636956243498705747579834819795579943693718037548146823247415675285048273344748417640560570948822352086038107095974620789253974453143975604198390200265845034188800000000000000000000000000000000000000000000000000000000000000
7148481461190355450992352264010271876314846002329046832163797086477245437942896578145335761337095070419799044519471535884643306955780803961019077404145216880663644438028073220355626730223288001566407233096009527564183979388720428872576561050840273969380856824839780598178784752087691821737460992234485479008918773479662162308225288880939484494051710289640068490505843363425692934112516228642575847724735523846718863853625190341201595070205132800000000000000000000000000000000000000000000000000000000000000
35742407305951777254961761320051359381574230011645234160818985432386227189714482890726678806685475352098995222597357679423216534778904019805095387020726084403318222190140366101778133651116440007832036165480047637820919896943602144362882805254201369846904284124198902990893923760438459108687304961172427395044593867398310811541126444404697422470258551448200342452529216817128464670562581143212879238623677619233594319268125951706007975351025664000000000000000000000000000000000000000000000000000000000000000
142969629223807109019847045280205437526296920046580936643275941729544908758857931562906715226741901408395980890389430717692866139115616079220381548082904337613272888760561464407112534604465760031328144661920190551283679587774408577451531221016805479387617136496795611963575695041753836434749219844689709580178375469593243246164505777618789689881034205792801369810116867268513858682250324572851516954494710476934377277072503806824031901404102656000000000000000000000000000000000000000000000000000000000000000
428908887671421327059541135840616312578890760139742809929827825188634726276573794688720145680225704225187942671168292153078598417346848237661144644248713012839818666281684393221337603813397280093984433985760571653851038763323225732354593663050416438162851409490386835890727085125261509304247659534069128740535126408779729738493517332856369069643102617378404109430350601805541576046750973718554550863484131430803131831217511420472095704212307968000000000000000000000000000000000000000000000000000000000000000
832039014768150945556621289944669700817559957214758582740322914525677296208907837584292753293051602692935793357560896102712046022600672412942130145561184791961124930290044759256622781866864883686459590028268721430586596516691177145529994774310637643858529219273893022694305648315100894134719926840495721176831666621292988922980492035538452596792575024576842827732206982149128002664463479643862939753817970644192868793614343099316850762023526600098094292540548863818570784993525461336977471247441610462693428
857817775342842654119082271681232625157781520279485619859655650377269452553147589377440291360451408450375885342336584306157196834693696475322289288497426025679637332563368786442675207626794560187968867971521143307702077526646451464709187326100832876325702818980773671781454170250523018608495319068138257481070252817559459476987034665712738139286205234756808218860701203611083152093501947437109101726968262861606263662435022840944191408424615936000000000000000000000000000000000000000000000000000000000000000
